https://doctoreww.github.io/EvilFontTool/	5
https://hakluke.com/how-to-start-or-come-back-to-bug-bounties-in-2026	4
http://noreply.net	3
http://deleteduser.com	3
https://x.com/iok	3
http://plugandpwn.com	3
https://thisweekin4n6.com/2026/08/09/week-32-2026/	3